2.160000	10.690000	251
17.230000	24.320000	252
30.710000	38.750000	253
45.510000	52.610000	254
59.010000	68.450000	255
74.650000	85.270000	256
91.750000	98.770000	257
104.860000	112.310000	258
118.950000	129.800000	259
136.240000	141.630000	260
147.830000	151.940000	261
158.360000	163.650000	262
169.900000	174.050000	263
180.410000	191.120000	264
197.210000	205.590000	265
212.060000	223.300000	266
229.460000	238.250000	267
244.570000	253.700000	268
260.040000	267.000000	269
273.230000	281.240000	270
287.300000	298.060000	271
303.990000	306.360000	272
312.360000	316.650000	273
322.990000	327.530000	274
333.910000	339.070000	275
345.150000	350.280000	276
356.360000	361.170000	277
367.380000	370.900000	278
377.160000	381.220000	279
387.370000	396.290000	280
402.430000	410.680000	281
416.740000	424.380000	282
430.770000	438.510000	283
444.570000	451.080000	284
457.200000	469.100000	285
475.250000	484.190000	286
490.230000	498.590000	287
504.700000	509.190000	288
515.310000	525.440000	289
531.640000	539.080000	290
545.240000	555.710000	291
561.720000	573.050000	292
579.180000	580.920000	293
586.990000	593.350000	294
599.350000	605.720000	295
611.660000	621.480000	296
627.480000	634.380000	297
640.440000	645.420000	298
651.450000	656.920000	299
662.950000	673.690000	300
679.640000	689.530000	301
695.610000	707.940000	302
714.060000	722.970000	303
729.020000	735.380000	304
741.520000	747.930000	305
753.940000	761.110000	306
767.280000	778.130000	307
784.100000	791.660000	308
797.760000	805.280000	309
811.220000	816.870000	310
822.730000	831.700000	311
837.760000	843.220000	312
849.140000	856.290000	313
862.270000	869.970000	314
876.080000	885.450000	315
891.380000	899.920000	316
906.050000	919.090000	317
925.210000	936.270000	318
942.520000	949.950000	319
956.040000	964.600000	320
970.510000	978.200000	321
984.240000	988.220000	322
994.270000	1004.400000	323
1010.490000	1014.710000	324
1020.850000	1029.460000	325
1035.570000	1046.340000	326
1052.420000	1057.500000	327
1063.650000	1068.020000	328
1074.070000	1078.530000	329
1084.550000	1094.010000	330
1100.030000	1106.150000	331
1112.440000	1116.990000	332
1123.080000	1130.780000	333
1136.750000	1142.110000	334
1148.040000	1152.050000	335
1158.100000	1163.400000	336
1169.500000	1178.890000	337
1185.060000	1189.670000	338
1195.710000	1200.690000	339
1206.800000	1215.020000	340
1221.260000	1228.230000	341
1234.400000	1239.450000	342
1245.370000	1252.000000	343
1257.870000	1267.480000	344
1273.510000	1279.690000	345
1285.870000	1291.640000	346
1297.930000	1305.070000	347
1311.280000	1315.030000	348
1321.460000	1326.960000	349
1333.150000	1343.610000	350
1349.650000	1355.170000	351
1361.230000	1365.770000	352
1371.760000	1377.520000	353
1383.670000	1392.600000	354
1398.760000	1404.120000	355
1410.290000	1414.470000	356
1420.690000	1427.480000	357
1433.590000	1440.830000	358
1447.010000	1454.810000	359
1460.960000	1464.950000	360
1471.110000	1475.130000	361
1481.340000	1485.810000	362
1491.930000	1495.980000	363
1502.160000	1506.670000	364
1512.750000	1518.040000	365
1524.170000	1528.040000	366
1534.230000	1542.790000	367
1548.860000	1559.120000	368
1565.270000	1577.120000	369
1583.260000	1587.260000	370
1593.260000	1602.680000	371
1608.810000	1616.450000	372
1622.510000	1627.080000	373
1633.130000	1637.310000	374
1643.430000	1653.850000	375
1659.970000	1669.920000	376
1676.080000	1684.050000	377
1690.160000	1700.690000	378
1706.860000	1717.620000	379
1723.590000	1729.770000	380
1735.880000	1743.920000	381
1750.140000	1754.160000	382
1760.210000	1765.370000	383
1771.810000	1781.680000	384
1787.940000	1799.850000	385
1805.930000	1811.090000	386
1817.130000	1824.220000	387
1830.390000	1834.370000	388
1840.630000	1845.520000	389
1851.630000	1858.260000	390
1864.440000	1869.530000	391
1875.850000	1883.050000	392
1889.230000	1896.240000	393
1902.480000	1909.270000	394
1915.380000	1924.270000	395
1930.550000	1941.510000	396
1947.630000	1954.140000	397
1960.650000	1970.570000	398
1976.870000	1985.890000	399
1992.070000	1998.560000	400
2004.830000	2014.760000	401
2020.810000	2028.080000	402
2034.280000	2041.480000	403
2047.760000	2059.930000	404
2066.230000	2070.580000	405
2076.710000	2084.660000	406
2090.910000	2100.510000	407
2107.120000	2112.640000	408
2118.840000	2125.240000	409
2131.360000	2142.680000	410
2148.820000	2154.080000	411
2160.180000	2173.460000	412
2179.650000	2184.570000	413
2190.570000	2198.190000	414
2204.420000	2215.010000	415
2221.000000	2226.560000	416
2232.640000	2236.500000	417
2242.570000	2252.320000	418
2258.320000	2264.310000	419
2270.540000	2281.040000	420
2287.300000	2293.380000	421
2299.570000	2304.610000	422
2310.750000	2319.570000	423
2325.650000	2337.770000	424
2343.880000	2348.220000	425
2354.370000	2362.970000	426
2368.990000	2377.790000	427
2384.050000	2392.260000	428
2398.510000	2403.860000	429
2410.000000	2414.100000	430
2420.170000	2424.860000	431
2430.900000	2442.350000	432
2448.720000	2455.770000	433
2462.150000	2469.100000	434
2475.610000	2484.720000	435
2490.820000	2497.990000	436
2504.190000	2509.210000	437
2515.240000	2520.670000	438
2526.960000	2537.790000	439
2543.970000	2553.760000	440
2559.870000	2570.250000	441
2576.310000	2588.470000	442
2594.630000	2599.200000	443
2605.420000	2609.470000	444
2615.610000	2621.380000	445
2627.410000	2633.010000	446
2639.160000	2642.810000	447
2649.030000	2655.280000	448
2661.270000	2668.900000	449
2675.160000	2681.570000	450
2687.600000	2692.850000	451
2699.020000	2704.740000	452
2711.010000	2720.370000	453
2726.570000	2739.920000	454
2746.040000	2751.580000	455
2757.640000	2762.390000	456
2768.430000	2774.890000	457
2781.130000	2793.190000	458
2799.580000	2805.640000	459
2811.870000	2816.870000	460
2823.210000	2832.030000	461
2838.150000	2846.740000	462
2852.930000	2860.010000	463
2866.210000	2872.460000	464
2878.600000	2888.860000	465
2895.210000	2902.860000	466
2909.040000	2920.880000	467
2927.330000	2928.500000	468
2934.710000	2944.500000	469
2950.780000	2954.450000	470
2960.660000	2967.930000	471
2974.030000	2979.780000	472
2986.130000	2991.840000	473
2998.180000	3005.670000	474
3011.820000	3019.250000	475
3025.300000	3032.250000	476
3038.350000	3047.120000	477
3053.180000	3055.790000	478
3062.160000	3074.680000	479
3080.840000	3088.680000	480
3094.940000	3105.300000	481
3111.480000	3120.370000	482
3126.620000	3138.240000	483
3144.340000	3145.770000	484
3151.930000	3162.740000	485
3168.840000	3178.020000	486
3184.210000	3195.090000	487
3201.170000	3209.210000	488
3215.230000	3220.580000	489
3226.630000	3237.230000	490
3243.270000	3245.980000	491
3252.070000	3258.970000	492
3264.960000	3271.530000	493
3277.670000	3289.030000	494
3295.130000	3303.540000	495
3309.550000	3316.030000	496
3322.210000	3331.600000	497
3337.750000	3346.140000	498
3352.380000	3360.320000	499
3366.460000	3374.050000	500
